P0: 0 0 0 0 0 0 0 0 0 0 0 0
P1: 0 0 0 0 0 0 0 0 0 0 0 0
P2: 1266.417203046554 0 816.2670197447984 0 0 1266.417203046554 491.50706579294757 0 0 0 1 0
P3: 0 0 0 0 0 0 0 0 0 0 0 0
R0_rect: 1 0 0 0 1 0 0 0 1
Tr_velo_to_cam: 7.96311976e-04  -9.99985677e-01   5.29257818e-03   2.50527708e-02  4.84421496e-06  -5.29257600e-03  -9.99985994e-01  -7.68774636e-01  9.99999683e-01   7.96326462e-04   6.29603930e-07  -9.48752627e-01
Tr_imu_to_velo: 1 0 0 0 0 1 0 0 0 0 1 0 0 0 0 1

cam:
rotation': [0.4998015430569128, -0.5030316162024876, 0.4997798114386805, -0.49737083824542755], 'translation': [1.70079118954, 0.0159456324149, 1.51095763913]

lidar:
'rotation': [0.7077955119163518, -0.006492242056004365, 0.010646214713995808, -0.7063073142877817], 'translation': [0.943713, 0.0, 1.84023]
